2	盟重传送石	0	1	1	0	0
2	随机传送石	0	1	1	0	0
2	-----------新手装备---------	0	1	1	0	0
3	中型盔甲(男)	0	1	1	0	0
3	中型盔甲(女)	0	1	1	0	0
4	斩马刀	0	1	1	0	0
4	凌风	0	1	1	0	0
4	半月	0	1	1	0	0
4	修罗	0	1	1	0	0
4	偃月	0	1	1	0	0
4	降魔	0	1	1	0	0
5	金项链	0	1	1	0	0
5	传统项链	0	1	1	0	0
5	白金项链	0	1	1	0	0
5	钢手镯	0	1	1	0	0
5	银手镯	0	1	1	0	0
5	铁手镯	0	1	1	0	0
5	古铜戒指	0	1	1	0	0
5	六角戒指	0	1	1	0	0
5	玻璃戒指	0	1	1	0	0
5	蓝翡翠项链	0	1	1	0	0
5	放大镜	0	1	1	0	0
5	竹笛	0	1	1	0	0
5	幽灵手套	0	1	1	0	0
5	黑檀手镯	0	1	1	0	0
5	道士手镯	0	1	1	0	0
5	珊瑚戒指	0	1	1	0	0
5	魅力戒指	0	1	1	0	0
5	道德戒指	0	1	1	0	0
2	-----------沃玛套战士---------	0	1	1	0	0
3	重盔甲[男]	0	1	1	0	0
3	重盔甲[女]	0	1	1	0	0
4	炼狱	0	1	1	0	0
5	骷髅头盔	0	1	1	0	0
5	幽灵项链	0	1	1	0	0
5	死神手套	0	1	1	0	0
5	龙之戒指	0	1	1	0	0
1	魔血石(大)	0	1	1	0	0
2	-----------沃玛套法师---------	0	1	1	0	0
3	魔法长袍[男]	0	1	1	0	0
3	魔法长袍[女]	0	1	1	0	0
4	魔杖	0	1	1	0	0
5	道士头盔	0	1	1	0	0
5	生命项链	0	1	1	0	0
5	思贝儿手镯	0	1	1	0	0
5	红宝石戒指	0	1	1	0	0
2	-----------沃玛套道士---------	0	1	1	0	0
3	灵魂战衣[男]	0	1	1	0	0
3	灵魂战衣[女]	0	1	1	0	0
4	银蛇	0	1	1	0	0
5	天珠项链	0	1	1	0	0
5	心灵手镯	0	1	1	0	0
5	铂金戒指	0	1	1	0	0
2	-----------祖玛套战士--------	0	1	1	0	0
3	战神盔甲[男]	0	1	1	0	0
3	战神盔甲[女]	0	1	1	0	0
4	裁决之杖	0	1	1	0	0
5	黑铁头盔	0	1	1	0	0
5	绿色项链	0	1	1	0	0
5	骑士手镯	0	1	1	0	0
5	力量戒指	0	1	1	0	0
2	-----------祖玛套法师--------	0	1	1	0	0
3	恶魔长袍[男]	0	1	1	0	0
3	恶魔长袍[女]	0	1	1	0	0
4	骨玉权杖	0	1	1	0	0
5	恶魔铃铛	0	1	1	0	0
5	龙之手镯	0	1	1	0	0
5	紫碧螺	0	1	1	0	0
2	-----------祖玛套道士--------	0	1	1	0	0
3	幽灵战衣[男]	0	1	1	0	0
3	幽灵战衣[女]	0	1	1	0	0
4	龙纹剑	0	1	1	0	0
5	灵魂项链	0	1	1	0	0
5	三眼手镯	0	1	1	0	0
5	泰坦戒指	0	1	1	0	0
2	-----------圣战套战士--------	0	1	1	0	0
3	天魔神甲	0	1	1	0	0
3	圣战宝甲	0	1	1	0	0
4	屠龙	0	1	1	0	0
5	圣战头盔	0	1	1	0	0
5	圣战项链	0	1	1	0	0
5	圣战手镯	0	1	1	0	0
5	圣战戒指	0	1	1	0	0
7	圣战靴子	0	1	1	0	0
7	圣战腰带	0	1	1	0	0
2	-----------圣战套法师--------	0	1	1	0	0
3	法神披风	0	1	1	0	0
3	霓裳羽衣	0	1	1	0	0
4	嗜魂法杖	0	1	1	0	0
5	法神头盔	0	1	1	0	0
5	法神项链	0	1	1	0	0
5	法神手镯	0	1	1	0	0
5	法神戒指	0	1	1	0	0
7	法神靴子	0	1	1	0	0
7	法神腰带	0	1	1	0	0
2	-----------圣战套道士--------	0	1	1	0	0
3	天尊道袍	0	1	1	0	0
3	天师长袍	0	1	1	0	0
4	霸者之刃	0	1	1	0	0
5	天尊头盔	0	1	1	0	0
5	天尊项链	0	1	1	0	0
5	天尊手镯	0	1	1	0	0
5	天尊戒指	0	1	1	0	0
7	天尊靴子	0	1	1	0	0
7	天尊腰带	0	1	1	0	0
2	-----------低域--------	0	1	1	0	0
3	绿寂战袍	0	1	1	0	0
3	绿寂战甲	0	1	1	0	0
4	绿玉裁决	0	1	1	0	0
5	浮游头盔	0	1	1	0	0
5	浮游项链	0	1	1	0	0
5	浮游手镯	0	1	1	0	0
5	浮游戒指	0	1	1	0	0
7	浮游靴子	0	1	1	0	0
7	浮游腰带	0	1	1	0	0
2	-----------低域--------	0	1	1	0	0
3	红鹰法袍	0	1	1	0	0
3	红鹰法甲	0	1	1	0	0
4	蓝灵法杖	0	1	1	0	0
5	梦幻头盔	0	1	1	0	0
5	梦幻项链	0	1	1	0	0
5	梦幻手镯	0	1	1	0	0
5	梦幻戒指	0	1	1	0	0
7	梦幻靴子	0	1	1	0	0
7	梦幻腰带	0	1	1	0	0
2	-----------低域--------	0	1	1	0	0
3	黄沙道袍	0	1	1	0	0
3	黄沙道甲	0	1	1	0	0
4	绿玉无极棍	0	1	1	0	0
5	蓝灵头盔	0	1	1	0	0
5	蓝灵项链	0	1	1	0	0
5	蓝灵手镯	0	1	1	0	0
5	蓝灵戒指	0	1	1	0	0
7	蓝灵靴子	0	1	1	0	0
7	蓝灵腰带	0	1	1	0	0
2	-----------中域类--------	0	1	1	0	0
3	白虎战袍	0	1	1	0	0
3	白虎战甲	0	1	1	0	0
4	绿玉屠龙	0	1	1	0	0
5	藤域头盔	0	1	1	0	0
5	藤域项链	0	1	1	0	0
5	藤域手镯	0	1	1	0	0
5	藤域戒指	0	1	1	0	0
7	藤域靴子	0	1	1	0	0
7	藤域腰带	0	1	1	0	0
2	-----------中域类--------	0	1	1	0	0
3	朱雀法袍	0	1	1	0	0
3	朱雀法甲	0	1	1	0	0
4	法神之仗	0	1	1	0	0
5	沐域头盔	0	1	1	0	0
5	沐域项链	0	1	1	0	0
5	沐域手镯	0	1	1	0	0
5	沐域戒指	0	1	1	0	0
7	沐域靴子	0	1	1	0	0
7	沐域腰带	0	1	1	0	0
2	-----------中域类--------	0	1	1	0	0
3	青龙道袍	0	1	1	0	0
3	青龙道甲	0	1	1	0	0
4	天尊之扇	0	1	1	0	0
5	道域头盔	0	1	1	0	0
5	道域项链	0	1	1	0	0
5	道域手镯	0	1	1	0	0
5	道域戒指	0	1	1	0	0
7	道域靴子	0	1	1	0	0
7	道域腰带	0	1	1	0	0
2	-----------高域战士--------	0	1	1	0	0
3	帝王战袍	0	1	1	0	0
3	帝王战甲	0	1	1	0	0
4	帝王战刃	0	1	1	0	0
5	铜域头盔	0	1	1	0	0
5	铜域项链	0	1	1	0	0
5	铜域手镯	0	1	1	0	0
5	铜域戒指	0	1	1	0	0
7	铜域靴子	0	1	1	0	0
7	铜域腰带	0	1	1	0	0
2	-----------高域法师--------	0	1	1	0	0
3	幽灵法袍	0	1	1	0	0
3	幽灵法甲	0	1	1	0	0
4	幽灵法杖	0	1	1	0	0
5	水域头盔	0	1	1	0	0
5	水域项链	0	1	1	0	0
5	水域手镯	0	1	1	0	0
5	水域戒指	0	1	1	0	0
7	水域靴子	0	1	1	0	0
7	水域腰带	0	1	1	0	0
2	-----------高域道士--------	0	1	1	0	0
3	玄冥道袍	0	1	1	0	0
3	玄冥道甲	0	1	1	0	0
4	玄冥道刃	0	1	1	0	0
5	土域头盔	0	1	1	0	0
5	土域项链	0	1	1	0	0
5	土域手镯	0	1	1	0	0
5	土域戒指	0	1	1	0	0
7	土域靴子	0	1	1	0	0
7	土域腰带	0	1	1	0	0
2	-----------黄金套战士--------	0	1	1	0	0
3	白虎战袍[圣]	0	1	1	0	0
3	白虎战甲[圣]	0	1	1	0	0
4	天罡战刃	0	1	1	0	0
5	黄金头盔	0	1	1	0	0
5	黄金项链	0	1	1	0	0
5	黄金手镯	0	1	1	0	0
5	黄金戒指	0	1	1	0	0
7	黄金靴子	0	1	1	0	0
7	黄金腰带	0	1	1	0	0
2	-----------精灵套法师--------	0	1	1	0	0
3	朱雀法袍[圣]	0	1	1	0	0
3	朱雀法甲[圣]	0	1	1	0	0
4	贪狼法杖	0	1	1	0	0
5	精灵头盔	0	1	1	0	0
5	精灵项链	0	1	1	0	0
5	精灵手镯	0	1	1	0	0
5	精灵戒指	0	1	1	0	0
7	精灵靴子	0	1	1	0	0
7	精灵腰带	0	1	1	0	0
2	-----------玄天套道士--------	0	1	1	0	0
3	青龙道袍[圣]	0	1	1	0	0
3	青龙道甲[圣]	0	1	1	0	0
4	青罡佛尘	0	1	1	0	0
5	玄天头盔	0	1	1	0	0
5	玄天项链	0	1	1	0	0
5	玄天手镯	0	1	1	0	0
5	玄天戒指	0	1	1	0	0
7	玄天靴子	0	1	1	0	0
7	玄天腰带	0	1	1	0	0
2	-----------恶魔套战士--------	0	1	1	0	0
3	恶魔战袍	0	1	1	0	0
3	恶魔战甲	0	1	1	0	0
4	鬼斩	0	1	1	0	0
5	恶魔头盔	0	1	1	0	0
5	恶魔项链	0	1	1	0	0
5	恶魔手镯	0	1	1	0	0
5	恶魔戒指	0	1	1	0	0
7	恶魔靴子	0	1	1	0	0
7	恶魔腰带	0	1	1	0	0
2	-----------红魔套法师--------	0	1	1	0	0
3	红魔法袍	0	1	1	0	0
3	红魔法甲	0	1	1	0	0
4	寒冰	0	1	1	0	0
5	红魔头盔	0	1	1	0	0
5	红魔项链	0	1	1	0	0
5	红魔手镯	0	1	1	0	0
5	红魔戒指	0	1	1	0	0
7	红魔靴子	0	1	1	0	0
7	红魔腰带	0	1	1	0	0
2	-----------蓝魔套道士--------	0	1	1	0	0
3	蓝魔道袍	0	1	1	0	0
3	蓝魔道甲	0	1	1	0	0
4	七彩	0	1	1	0	0
5	蓝魔头盔	0	1	1	0	0
5	蓝魔项链	0	1	1	0	0
5	蓝魔手镯	0	1	1	0	0
5	蓝魔戒指	0	1	1	0	0
7	蓝魔靴子	0	1	1	0	0
7	蓝魔腰带	0	1	1	0	0
2	-----------麟---	0	1	1	0	0
3	麟圣袍	0	1	1	0	0
3	麟圣甲	0	1	1	0	0
4	麟破天	0	1	1	0	0
5	麟圣盔	0	1	1	0	0
5	麟圣链	0	1	1	0	0
5	麟圣镯	0	1	1	0	0
5	麟圣戒[麻痹]	0	1	1	0	0
5	麟圣戒[复活]	0	1	1	0	0
5	麟圣戒[护身]	0	1	1	0	0
7	麟圣靴	0	1	1	0	0
7	麟圣带	0	1	1	0	0
2	-----------寂灭---	0	1	1	0	0
3	寂灭狂袍	0	1	1	0	0
3	寂灭狂甲	0	1	1	0	0
4	寂灭魅影	0	1	1	0	0
5	寂灭狂盔	0	1	1	0	0
5	寂灭狂链	0	1	1	0	0
5	寂灭狂镯	0	1	1	0	0
5	寂灭狂戒[麻痹]	0	1	1	0	0
5	寂灭狂戒[复活]	0	1	1	0	0
5	寂灭狂戒[护身]	0	1	1	0	0
7	寂灭狂靴	0	1	1	0	0
7	寂灭狂带	0	1	1	0	0
2	----------沉默诅咒-----	0	1	1	0	0
3	麒麟王の袍	0	1	1	0	0
3	麒麟王の甲	0	1	1	0	0
4	鬼王の斩	0	1	1	0	0
5	战神の帝	0	1	1	0	0
5	精灵の翔	0	1	1	0	0
5	傀儡の隐	0	1	1	0	0
5	守护の神	0	1	1	0	0
5	诅咒の亡	0	1	1	0	0
5	凤凰の飞	0	1	1	0	0
7	杀戮の靴	0	1	1	0	0
7	杀戮の带	0	1	1	0	0
2	-----------诛仙-----	0	1	1	0	0
3	诛仙袍	0	1	1	0	0
3	诛仙甲	0	1	1	0	0
4	诛仙斩	0	1	1	0	0
5	诛仙面纱	0	1	1	0	0
5	诛仙项链	0	1	1	0	0
5	诛仙手镯	0	1	1	0	0
5	诛仙手腕	0	1	1	0	0
5	诛仙麻戒	0	1	1	0	0
5	诛仙复戒	0	1	1	0	0
5	诛仙护戒	0	1	1	0	0
7	诛仙靴子	0	1	1	0	0
7	诛仙腰带	0	1	1	0	0
2	-----------傲视盘	0	1	1	0	0
3	盘袍	0	1	1	0	0
3	盘甲	0	1	1	0	0
4	盘魂斩	0	1	1	0	0
5	盘面纱	0	1	1	0	0
5	盘魂链	0	1	1	0	0
5	盘魂镯	0	1	1	0	0
5	盘魂手	0	1	1	0	0
5	盘魂麻	0	1	1	0	0
5	盘魂复	0	1	1	0	0
5	盘魂护	0	1	1	0	0
7	盘魂靴	0	1	1	0	0
7	盘魂带	0	1	1	0	0
2	-----------左爪---------------	0	1	1	0	0
1	湘逢护剑[寒光]	0	1	1	0	0
1	湘逢护剑[寒光]	0	1	1	0	0
1	天尊护手	0	1	1	0	0
1	湘逢护剑[碧水]	0	1	1	0	0
1	白月护盾	0	1	1	0	0
1	天水护盾	0	1	1	0	0
1	沉默护盾	0	1	1	0	0
1	骑士大盾	0	1	1	0	0
2	-----------特殊物品-----------	0	1	1	0	0
2	金创药(小1	0	1	1	0	0
2	魔法药(小量)1	0	1	1	0	0
2	金创药(中量)	0	1	1	0	0
2	魔法药(中量)	0	1	1	0	0
2	强效金创药	0	1	1	0	0
2	强效魔法药	0	1	1	0	0
2	神水	0	1	1	0	0
2	鹿血	0	1	1	0	0
2	鹿茸	0	1	1	0	0
2	太阳水	0	1	1	0	0
2	疗伤药	0	1	1	0	0
2	特殊药水	0	1	1	0	0
2	万年雪霜	0	1	1	0	0
2	强效太阳水	0	1	1	0	0
1	聚灵珠(小)	0	1	1	0	0
1	聚灵珠(大)	0	1	1	0	0
2	比奇传送石	0	1	1	0	0
1	祝福油	0	1	1	0	0
1	战神油	0	1	1	0	0
2	修复油	0	1	1	0	0
1	回城卷	0	1	1	0	0
1	行会回城卷	0	1	1	0	0
1	随机传送卷	0	1	1	0	0
1	地牢逃脱卷	0	1	1	0	0
1	攻击神水	0	1	1	0	0
1	魔力神水	0	1	1	0	0
1	精神神水	0	1	1	0	0
1	极速神水	0	1	1	0	0
1	体力强效神水	0	1	1	0	0
1	魔力强效神水	0	1	1	0	0
1	回城卷包	0	1	1	0	0
1	地牢逃脱卷包	0	1	1	0	0
1	随机传送卷包	0	1	1	0	0
1	行会回城卷包	0	1	1	0	0
1	金创药(小)包	0	1	1	0	0
1	魔法药(小)包	0	1	1	0	0
1	金创药(中)包	0	1	1	0	0
1	魔法药(中)包	0	1	1	0	0
1	超级金创药	0	1	1	0	0
1	超级魔法药	0	1	1	0	0
1	庆典蛋糕	0	1	1	0	0
1	金条	0	1	1	0	0
1	金砖	0	1	1	0	0
1	金盒	0	1	1	0	0
1	反璞归真	0	1	1	0	0
1	个性发型	0	1	1	0	0
1	双倍卷轴	0	1	1	0	0
1	萍水会员证明	0	1	1	0	0
1	双倍宝典(中)	0	1	1	0	0
1	双倍宝典(大)	0	1	1	0	0
2	红名清洗	0	1	1	0	0
2	心心相印	0	1	1	0	0
2	飞火流星	0	1	1	0	0
2	浪漫星雨	0	1	1	0	0
2	绮梦幻想	0	1	1	0	0
2	长空火舞	0	1	1	0	0
2	如雾似梦	0	1	1	0	0
1	一心一意包	0	1	1	0	0
1	心心相印包	0	1	1	0	0
1	飞火流星包	0	1	1	0	0
1	浪漫星雨包	0	1	1	0	0
1	绮梦幻想包	0	1	1	0	0
1	长空火舞包	0	1	1	0	0
1	如雾似梦包	0	1	1	0	0
1	沃玛号角	0	1	1	0	0
1	祖玛头像	0	1	1	0	0
2	-----------特殊装备-----------	0	1	1	0	0
1	千里传音	0	1	1	0	0
5	神秘戒指	0	1	1	0	0
5	神秘腰带	0	1	1	0	0
5	祈祷项链	0	1	1	0	0
5	祈祷手镯	0	1	1	0	0
5	祈祷戒指	0	1	1	0	0
5	记忆手镯	0	1	1	0	0
5	记忆戒指	0	1	1	0	0
5	记忆项链	0	1	1	0	0
5	狂风戒指	0	1	1	0	0
5	狂风项链	0	1	1	0	0
5	隐身戒指	0	1	1	0	0
5	传送戒指	0	1	1	0	0
5	麻痹戒指	0	1	1	0	0
5	复活戒指	0	1	1	0	0
5	火焰戒指	0	1	1	0	0
5	防御戒指	0	1	1	0	0
5	护身戒指	0	1	1	0	0
5	超负载戒指	0	1	1	0	0
2	-----------技能书-----------	0	1	1	0	0
1	火球术	0	1	1	0	0
1	治愈术	0	1	1	0	0
1	基本剑术	0	1	1	0	0
1	精神力战法	0	1	1	0	0
1	抗拒火环	0	1	1	0	0
1	诱惑之光	0	1	1	0	0
1	施毒术	0	1	1	0	0
1	地狱火	0	1	1	0	0
1	雷电术	0	1	1	0	0
1	灵魂火符	0	1	1	0	0
1	大火球	0	1	1	0	0
1	攻杀剑术	0	1	1	0	0
1	召唤麒麟	0	1	1	0	0
1	瞬息移动	0	1	1	0	0
1	隐身术	0	1	1	0	0
1	集体隐身术	0	1	1	0	0
1	爆裂火焰	0	1	1	0	0
1	幽灵盾	0	1	1	0	0
1	火墙	0	1	1	0	0
1	刺杀剑术	0	1	1	0	0
1	神圣战甲术	0	1	1	0	0
1	疾光电影	0	1	1	0	0
1	心灵启示	0	1	1	0	0
1	困魔咒	0	1	1	0	0
1	半月弯刀	0	1	1	0	0
1	野蛮冲撞	0	1	1	0	0
1	地狱雷光	0	1	1	0	0
1	魔法盾	0	1	1	0	0
1	圣言术	0	1	1	0	0
1	群体治疗术	0	1	1	0	0
1	烈火剑法	0	1	1	0	0
1	召唤神兽	0	1	1	0	0
1	冰咆哮	0	1	1	0	0
1	狮子吼	0	1	1	0	0
1	彻地钉	0	1	1	0	0
1	双龙斩	0	1	1	0	0
1	龙影剑法	0	1	1	0	0
1	雷霆剑法	0	1	1	0	0
1	逐日剑法	0	1	1	0	0
1	开天斩	0	1	1	0	0
1	擒龙手	0	1	1	0	0
1	纵横剑术	0	1	1	0	0
1	寒冰掌	0	1	1	0	0
1	灭天火	0	1	1	0	0
1	火龙烈炎	0	1	1	0	0
1	流星火雨	0	1	1	0	0
1	分身术	0	1	1	0	0
1	冰镰术	0	1	1	0	0
1	冰霜群雨	0	1	1	0	0
1	诅咒术	0	1	1	0	0
1	气功波	0	1	1	0	0
1	净化术	0	1	1	0	0
1	无极真气	0	1	1	0	0
1	飓风破	0	1	1	0	0
1	召唤月灵	0	1	1	0	0
1	噬血术	0	1	1	0	0
1	道力盾	0	1	1	0	0
1	高级召唤术	0	1	1	0	0
1	唯我独尊	0	1	1	0	0
1	召唤火灵	0	1	1	0	0
1	神龙附体	0	1	1	0	0
1	召唤巨魔	0	1	1	0	0
1	裂神符	0	1	1	0	0
1	死亡之眼	0	1	1	0	0
1	心灵召唤	0	1	1	0	0
1	先天元力	0	1	1	0	0
1	酒气护体	0	1	1	0	0
1	护体神盾	0	1	1	0	0
1	十步一杀	0	1	1	0	0
1	倚天辟地	0	1	1	0	0
2	----------守护----------	0	1	1	0	0
2	青魂玉	0	1	1	0	0
2	绿魂玉	0	1	1	0	0
2	白月沉默[至尊]	0	1	1	0	0
2	----------菩提灵叶----------	0	1	1	0	0
7	勾玉[普通]	0	1	1	0	0
7	勾玉[高级]	0	1	1	0	0
7	勾玉[稀有]	0	1	1	0	0
7	勾玉[神器]	0	1	1	0	0
7	勾玉[传说]	0	1	1	0	0
7	勾玉[史诗]	0	1	1	0	0
2	----------鸿蒙灵枝----------	0	1	1	0	0
1	湘[暴击法宝]	0	1	1	0	0
1	七焰扇[道]	0	1	1	0	0
1	八卦镜[法]	0	1	1	0	0
7	逢[伤害法宝]	0	1	1	0	0
7	冥魂花[法]	0	1	1	0	0
7	青冥针[道]	0	1	1	0	0
2	----------轮回印----------	0	1	1	0	0
7	轮回法印[初级]	0	1	1	0	0
7	轮回法印[中级]	0	1	1	0	0
7	轮回法印[高级]	0	1	1	0	0
7	轮回法印[超级]	0	1	1	0	0
7	轮回法印[顶级]	0	1	1	0	0
7	轮回法印[真灵]	0	1	1	0	0
7	轮回法印[仙魂]	0	1	1	0	0
7	轮回法印[神圣]残	0	1	1	0	0
7	轮回法印[神圣]	0	1	1	0	0
2	----------勋章----------	0	1	1	0	0
7	勋章3号	0	1	1	0	0
7	勋章8号	0	1	1	0	0
7	勋章15号	0	1	1	0	0
7	勋章35号	0	1	1	0	0
7	勋章39号	0	1	1	0	0
7	勋章42号	0	1	1	0	0
7	爱情鲜花-百里	0	1	1	0	0
7	爱情鲜花-繁华	0	1	1	0	0
2	-----------式神第一排---------	0	1	1	0	0
5	生肖[鼠]	0	1	1	0	0
5	生肖[牛]	0	1	1	0	0
5	生肖[虎]	0	1	1	0	0
5	生肖[兔]	0	1	1	0	0
5	生肖[龙]	0	1	1	0	0
5	生肖[蛇]	0	1	1	0	0
5	生肖[马]	0	1	1	0	0
5	生肖[羊]	0	1	1	0	0
5	生肖[猴]	0	1	1	0	0
5	生肖[鸡]	0	1	1	0	0
5	生肖[狗]	0	1	1	0	0
5	生肖[猪]	0	1	1	0	0
5	生☆肖[鼠]	0	1	1	0	0
5	生☆肖[牛]	0	1	1	0	0
5	生☆肖[虎]	0	1	1	0	0
5	生☆肖[兔]	0	1	1	0	0
5	生☆肖[龙]	0	1	1	0	0
5	生☆肖[蛇]	0	1	1	0	0
5	生☆肖[马]	0	1	1	0	0
5	生☆肖[羊]	0	1	1	0	0
5	生☆肖[猴]	0	1	1	0	0
5	生☆肖[鸡]	0	1	1	0	0
5	生☆肖[狗]	0	1	1	0	0
5	生☆肖[猪]	0	1	1	0	0
5	生★肖[鼠]	0	1	1	0	0
5	生★肖[牛]	0	1	1	0	0
5	生★肖[虎]	0	1	1	0	0
5	生★肖[兔]	0	1	1	0	0
5	生★肖[龙]	0	1	1	0	0
5	生★肖[蛇]	0	1	1	0	0
5	生★肖[马]	0	1	1	0	0
5	生★肖[羊]	0	1	1	0	0
5	生★肖[猴]	0	1	1	0	0
5	生★肖[鸡]	0	1	1	0	0
5	生★肖[狗]	0	1	1	0	0
5	生★肖[猪]	0	1	1	0	0
2	-----------守护之魂---------	0	1	1	0	0
1	萍水9折卡	0	1	1	0	0
1	萍水7折卡	0	1	1	0	0
1	萍水5折卡	0	1	1	0	0
1	萍水配残片	0	1	1	0	0
5	萍水佩[清泉]	0	1	1	0	0
5	萍水佩[溪流]	0	1	1	0	0
5	萍水佩[江河]	0	1	1	0	0
5	萍水佩[深海]	0	1	1	0	0
1	萍水卷轴	0	1	1	0	0
5	守护之魂[流星]	0	1	1	0	0
2	-----------时装法宝---------	0	1	1	0	0
1	梦幻佛串	0	1	1	0	0
1	梦幻盘蛇	0	1	1	0	0
1	梦幻蓝星	0	1	1	0	0
1	梦幻鲜花	0	1	1	0	0
1	铜坠	0	1	1	0	0
1	铜镯	0	1	1	0	0
1	铜戒	0	1	1	0	0
1	火把	0	1	1	0	0
1	铜盔	0	1	1	0	0
1	磨血玉腕	0	1	1	0	0
1	磨血斗戒	0	1	1	0	0
1	磨血之花	0	1	1	0	0
2	-----------特殊单件---------	0	1	1	0	0
5	血恋	0	1	1	0	0
5	战神老李的手镯	0	1	1	0	0
5	巨人之力的手镯	0	1	1	0	0
4	十步血剑	0	1	1	0	0
5	慢吞吞的头盔	0	1	1	0	0
3	影无踪长袍[男]	0	1	1	0	0
3	影无踪长袍[女]	0	1	1	0	0
5	魔力诅咒戒指	0	1	1	0	0
5	魅力禁锢戒指	0	1	1	0	0
1	神魂水晶	0	1	1	0	0
1	超级神魂水晶	0	1	1	0	0
1	融合药剂[项链]1	0	1	1	0	0
1	融合药剂[右手]1	0	1	1	0	0
1	融合药剂[左手]1	0	1	1	0	0
1	融合药剂[头盔]11	0	1	1	0	0
1	融合药剂[右戒]1	0	1	1	0	0
1	融合药剂[左戒]1	0	1	1	0	0
1	武魂苍穹	0	1	1	0	0
5	残暴之力	0	1	1	0	0
5	灵犀之角	0	1	1	0	0
3	钢甲[男]	0	1	1	0	0
3	钢甲[女]	0	1	1	0	0
5	生歌同舞	0	1	1	0	0
5	苍海一笑	0	1	1	0	0
1	书页	0	1	1	0	0
1	技能精通[宗师级]　	0	1	1	0	0
1	技能精通[宗师级]　　	0	1	1	0	0
1	技能精通[宗师级]　　　	0	1	1	0	0
1	技能精通[宗师级]　　　　	0	1	1	0	0
1	技能精通[宗师级]　　　　　	0	1	1	0	0
1	魔法神石	0	1	1	0	0
1	晚霞庄园凭证	0	1	1	0	0
1	浮空阁凭证	0	1	1	0	0
1	创世星魂	0	1	1	0	0
1	会议厅凭证	0	1	1	0	0
1	武器成长卡	0	1	1	0	0
1	逍遥子	0	1	1	0	0
1	守护碎片	0	1	1	0	0
1	转生石	0	1	1	0	0
1	藏经阁密令	0	1	1	0	0
1	1万元宝	0	1	1	0	0
7	爱情鲜花-归元	0	1	1	0	0
1	原始精灵[水]1	0	1	1	0	0
1	森林妖精[气]	0	1	1	0	0
1	森林妖精[速]	0	1	1	0	0
1	森林妖精[战]	0	1	1	0	0
1	森林妖精[道]	0	1	1	0	0
1	绿玉屠龙[武魂]	0	1	1	0	0
1	绿玉屠龙[封印]	0	1	1	0	0
1	森林妖精[中阶]1	0	1	1	0	0
1	森林妖精[爆]	0	1	1	0	0
1	攻击宝石+1	0	1	1	0	0
1	攻击宝石+2	0	1	1	0	0
1	攻击宝石+3	0	1	1	0	0
1	魔法宝石+1	0	1	1	0	0
1	魔法宝石+2	0	1	1	0	0
1	魔法宝石+3	0	1	1	0	0
1	道术宝石+1	0	1	1	0	0
1	道术宝石+2	0	1	1	0	0
1	道术宝石+3	0	1	1	0	0
1	沙城捐献	0	1	1	0	0
1	超级祝福油	0	1	1	0	0
1	群体施毒术	0	1	1	0	0
1	号令天下	0	1	1	0	0
1	1000元宝	0	1	1	0	0
1	5000元宝	0	1	1	0	0
1	矿泉水	0	1	1	0	0
1	可乐	0	1	1	0	0
1	恰恰瓜子	0	1	1	0	0
1	红牛	0	1	1	0	0
1	哈尔滨啤酒	0	1	1	0	0
1	红塔山	0	1	1	0	0
1	芙蓉王	0	1	1	0	0
1	萍水至尊	0	1	1	0	0
1	技能精通[大师级]	0	1	1	0	0
1	技能精通[宗师级]	0	1	1	0	0
1	1白月币	0	1	1	0	0
1	3白月币	0	1	1	0	0
1	5白月币	0	1	1	0	0
1	10白月币	0	1	1	0	0
1	50RMB点	0	1	1	0	0
1	100RMB点	0	1	1	0	0
1	200RMB点	0	1	1	0	0
1	500RMB点	0	1	1	0	0
1	1000RMB点	0	1	1	0	0
1	八方阁新手	0	1	1	0	0
1	狂爆之力	0	1	1	0	0
1	吸魂使者	0	1	1	0	0
1	吸魂霸者	0	1	1	0	0
1	吸魂尊者	0	1	1	0	0
1	吸魂帝王	0	1	1	0	0
1	云海红包[小福利]	0	1	1	0	0
1	云海红包[小奋斗]	0	1	1	0	0
1	云海红包[小目标]	0	1	1	0	0
1	云海红包[小发育]	0	1	1	0	0
1	云海红包[小幸运]	0	1	1	0	0
1	云海红包[小疯狂]	0	1	1	0	0
1	云海红包[小节奏]	0	1	1	0	0
1	云海红包[大翻盘]	0	1	1	0	0
1	云海至尊	0	1	1	0	0
1	云海公爵	0	1	1	0	0
1	云海侯爵	0	1	1	0	0
1	萍水会员	0	1	1	0	0
1	八方阁高手	0	1	1	0	0
1	八方阁达人	0	1	1	0	0
4	木剑11	0	1	1	0	0
4	乌木剑	0	1	1	0	0
3	布衣(男)1	0	1	1	0	0
3	布衣(女)11	0	1	1	0	0
3	轻型盔甲(男)	0	1	1	0	0
3	轻型盔甲(女)	0	1	1	0	0
1	湘宝残片	0	1	1	0	0
1	七焰扇残片	0	1	1	0	0
1	八卦镜残片	0	1	1	0	0
1	逢宝残片	0	1	1	0	0
1	冥魂花残片	0	1	1	0	0
1	青冥针残片	0	1	1	0	0
1	护剑残片	0	1	1	0	0
4	沉默至尊战刃[限时]	0	1	1	0	0
2	魂	0	1	1	0	0
2	百年环[至尊]	0	1	1	0	0
2	千年环[至尊]	0	1	1	0	0
2	万年环[至尊]	0	1	1	0	0
2	十万年环[至尊]	0	1	1	0	0
2	亿万生灵[至尊]	0	1	1	0	0
1	雪域凭证	0	1	1	0	0
1	湘逢护剑[碧水][1.1]	0	1	1	0	0
2	----------昊天锤----------	0	1	1	0	0
7	普‖昊天锤[一系]	0	1	1	0	0
7	防‖昊天锤[一系]	0	1	1	0	0
7	倍‖昊天锤[一系]	0	1	1	0	0
7	血‖昊天锤[一系]	0	1	1	0	0
7	普‖昊天锤[二系]	0	1	1	0	0
7	防‖昊天锤[二系]	0	1	1	0	0
7	倍‖昊天锤[二系]	0	1	1	0	0
7	血‖昊天锤[二系]	0	1	1	0	0
7	普‖昊天锤[三系]	0	1	1	0	0
7	防‖昊天锤[三系]	0	1	1	0	0
7	倍‖昊天锤[三系]	0	1	1	0	0
7	血‖昊天锤[三系]	0	1	1	0	0
7	普‖昊天锤[四系]	0	1	1	0	0
7	防‖昊天锤[四系]	0	1	1	0	0
7	倍‖昊天锤[四系]	0	1	1	0	0
7	血‖昊天锤[四系]	0	1	1	0	0
7	普‖昊天锤[五系]	0	1	1	0	0
7	防‖昊天锤[五系]	0	1	1	0	0
7	倍‖昊天锤[五系]	0	1	1	0	0
7	血‖昊天锤[五系]	0	1	1	0	0
7	综合‖昊天锤[一圣]	0	1	1	0	0
7	综合‖昊天锤[二圣]	0	1	1	0	0
7	综合‖昊天锤[三圣]	0	1	1	0	0
7	综合‖昊天锤[四圣]	0	1	1	0	0
7	综合‖昊天锤[五圣]	0	1	1	0	0
7	爆发‖昊天锤[凡尘]	0	1	1	0	0
7	爆发‖昊天锤[天地]	0	1	1	0	0
7	爆发‖昊天锤[神魔]	0	1	1	0	0
7	爆发‖昊天锤[乾坤]	0	1	1	0	0
7	爆发‖昊天锤[混沌]	0	1	1	0	0
1	称号卷轴	0	1	1	0	0
1	金币	0	1	1	0	0
1	华山密录	0	1	1	0	0
1	华山神魄	0	1	1	0	0
