;怪物名称  背景编号  背景偏移X  背景偏移Y  图像编号  图像偏移X  图像偏移Y  血条编号  血条偏移X  血条偏移Y  显示等级(-1~255)  等级偏移X  等级偏移Y  怪物显名(-1~255)  名字偏移X  名字偏移Y  显示血值(-1~255)  血值偏移X  血值偏移Y  显示血量百分比(-1~255)  百分比偏移X  百分比偏移Y  显示怪物归属(-1~255)  归属偏移X  归属偏移Y 
半兽统领 0 350 0 4 50 18 0 98 49 243 115 28 253 165 28 -1 150 51 254 200 51 -1 150 51 0 10 280 45
沃玛教皇 0 350 0 4 50 18 0 98 49 243 115 28 253 165 28 -1 150 51 254 200 51 -1 150 51 0 10 280 45
虹魔教主 0 350 0 4 50 18 0 98 49 243 115 28 253 165 28 -1 150 51 254 200 51 -1 150 51 0 10 280 45
阴阳蛛王 0 350 0 4 50 18 0 98 49 243 115 28 253 165 28 -1 150 51 254 200 51 -1 150 51 0 10 280 45
枫林尸王 0 350 0 4 50 18 0 98 49 243 115 28 253 165 28 -1 150 51 254 200 51 -1 150 51 0 10 280 45
华山猪王 0 350 0 4 50 18 0 98 49 243 115 28 253 165 28 -1 150 51 254 200 51 -1 150 51 0 10 280 45
暗之双头血魔 0 350 0 4 50 18 0 98 49 243 115 28 253 165 28 -1 150 51 254 200 51 -1 150 51 0 10 280 45
暗之双头金刚 0 350 0 4 50 18 0 98 49 243 115 28 253 165 28 -1 150 51 254 200 51 -1 150 51 0 10 280 45
暗之骷髅精灵 0 350 0 4 50 18 0 98 49 243 115 28 253 165 28 -1 150 51 254 200 51 -1 150 51 0 10 280 45
暗之虹魔教主 0 350 0 4 50 18 0 98 49 243 115 28 253 165 28 -1 150 51 254 200 51 -1 150 51 0 10 280 45
暗之黄泉教主 0 350 0 4 50 18 0 98 49 243 115 28 253 165 28 -1 150 51 254 200 51 -1 150 51 0 10 280 45
暗之沃玛教主 0 350 0 4 50 18 0 98 49 243 115 28 253 165 28 -1 150 51 254 200 51 -1 150 51 0 10 280 45
天之双头血魔 0 350 0 4 50 18 0 98 49 243 115 28 253 165 28 -1 150 51 254 200 51 -1 150 51 0 10 280 45
天之双头金刚 0 350 0 4 50 18 0 98 49 243 115 28 253 165 28 -1 150 51 254 200 51 -1 150 51 0 10 280 45
天之骷髅精灵 0 350 0 4 50 18 0 98 49 243 115 28 253 165 28 -1 150 51 254 200 51 -1 150 51 0 10 280 45
天之虹魔教主 0 350 0 4 50 18 0 98 49 243 115 28 253 165 28 -1 150 51 254 200 51 -1 150 51 0 10 280 45
天之黄泉教主 0 350 0 4 50 18 0 98 49 243 115 28 253 165 28 -1 150 51 254 200 51 -1 150 51 0 10 280 45
天之沃玛教主 0 350 0 4 50 18 0 98 49 243 115 28 253 165 28 -1 150 51 254 200 51 -1 150 51 0 10 280 45
黑无常 0 350 0 4 50 18 0 98 49 243 115 28 253 165 28 -1 150 51 254 200 51 -1 150 51 0 10 280 45
白无常 0 350 0 4 50 18 0 98 49 243 115 28 253 165 28 -1 150 51 254 200 51 -1 150 51 0 10 280 45
沃玛教主 0 350 0 4 50 18 0 98 49 243 115 28 253 165 28 -1 150 51 254 200 51 -1 150 51 0 10 280 45
祖玛教主 0 350 0 4 50 18 0 98 49 243 115 28 253 165 28 -1 150 51 254 200 51 -1 150 51 0 10 280 45
牛魔王 0 350 0 4 50 18 0 98 49 243 115 28 253 165 28 -1 150 51 254 200 51 -1 150 51 0 10 280 45
驽马法王 0 350 0 4 50 18 0 98 49 243 115 28 253 165 28 -1 150 51 254 200 51 -1 150 51 0 10 280 45
青蛙王 0 350 0 4 50 18 0 98 49 243 115 28 253 165 28 -1 150 51 254 200 51 -1 150 51 0 10 280 45
双头血魔 0 350 0 4 50 18 0 98 49 243 115 28 253 165 28 -1 150 51 254 200 51 -1 150 51 0 10 280 45
双头金刚 0 350 0 4 50 18 0 98 49 243 115 28 253 165 28 -1 150 51 254 200 51 -1 150 51 0 10 280 45
赤月恶魔 0 350 0 4 50 18 0 98 49 243 115 28 253 165 28 -1 150 51 254 200 51 -1 150 51 0 10 280 45
判官 0 350 0 4 50 18 0 98 49 243 115 28 253 165 28 -1 150 51 254 200 51 -1 150 51 0 10 280 45
米尔皇帝 0 350 0 4 50 18 0 98 49 243 115 28 253 165 28 -1 150 51 254 200 51 -1 150 51 0 10 280 45
水上龙王 0 350 0 4 50 18 0 98 49 243 115 28 253 165 28 -1 150 51 254 200 51 -1 150 51 0 10 280 45
蚁后 0 350 0 4 50 18 0 98 49 243 115 28 253 165 28 -1 150 51 254 200 51 -1 150 51 0 10 280 45
天地门主 0 350 0 4 50 18 0 98 49 243 115 28 253 165 28 -1 150 51 254 200 51 -1 150 51 0 10 280 45
蛮荒教主 0 350 0 4 50 18 0 98 49 243 115 28 253 165 28 -1 150 51 254 200 51 -1 150 51 0 10 280 45
蛮荒教主1 0 350 0 4 50 18 0 98 49 243 115 28 253 165 28 -1 150 51 254 200 51 -1 150 51 0 10 280 45
火龙蛟王 0 350 0 4 50 18 0 98 49 243 115 28 253 165 28 -1 150 51 254 200 51 -1 150 51 0 10 280 45
火龙神 0 350 0 4 50 18 0 98 49 243 115 28 253 165 28 -1 150 51 254 200 51 -1 150 51 0 10 280 45
霸王守卫 0 350 0 4 50 18 0 98 49 243 115 28 253 165 28 -1 150 51 254 200 51 -1 150 51 0 10 280 45
幽灵船长 0 350 0 4 50 18 0 98 49 243 115 28 253 165 28 -1 150 51 254 200 51 -1 150 51 0 10 280 45
武力神将 0 350 0 4 50 18 0 98 49 243 115 28 253 165 28 -1 150 51 254 200 51 -1 150 51 0 10 280 45
震天左使 0 350 0 4 50 18 0 98 49 243 115 28 253 165 28 -1 150 51 254 200 51 -1 150 51 0 10 280 45
震天右使 0 350 0 4 50 18 0 98 49 243 115 28 253 165 28 -1 150 51 254 200 51 -1 150 51 0 10 280 45
震天魔神 0 350 0 4 50 18 0 98 49 243 115 28 253 165 28 -1 150 51 254 200 51 -1 150 51 0 10 280 45
血池守护兽 0 350 0 4 50 18 0 98 49 243 115 28 253 165 28 -1 150 51 254 200 51 -1 150 51 0 10 280 45
秦皇鬼幽 0 350 0 4 50 18 0 98 49 243 115 28 253 165 28 -1 150 51 254 200 51 -1 150 51 0 10 280 45
千年神龟 0 350 0 4 50 18 0 98 49 243 115 28 253 165 28 -1 150 51 254 200 51 -1 150 51 0 10 280 45
深水蛙王 0 350 0 4 50 18 0 98 49 243 115 28 253 165 28 -1 150 51 254 200 51 -1 150 51 0 10 280 45
天水将军 0 350 0 4 50 18 0 98 49 243 115 28 253 165 28 -1 150 51 254 200 51 -1 150 51 0 10 280 45
天水教主 0 350 0 4 50 18 0 98 49 243 115 28 253 165 28 -1 150 51 254 200 51 -1 150 51 0 10 280 45
诺玛巨兽 0 350 0 4 50 18 0 98 49 243 115 28 253 165 28 -1 150 51 254 200 51 -1 150 51 0 10 280 45
诺玛教主 0 350 0 4 50 18 0 98 49 243 115 28 253 165 28 -1 150 51 254 200 51 -1 150 51 0 10 280 45
骷髅王 0 350 0 4 50 18 0 98 49 243 115 28 253 165 28 -1 150 51 254 200 51 -1 150 51 0 10 280 45
钢甲猛兽 0 350 0 4 50 18 0 98 49 243 115 28 253 165 28 -1 150 51 254 200 51 -1 150 51 0 10 280 45
黄泉骷髅王 0 350 0 4 50 18 0 98 49 243 115 28 253 165 28 -1 150 51 254 200 51 -1 150 51 0 10 280 45
蛮牛将军 0 350 0 4 50 18 0 98 49 243 115 28 253 165 28 -1 150 51 254 200 51 -1 150 51 0 10 280 45
焚香大祭司 0 350 0 4 50 18 0 98 49 243 115 28 253 165 28 -1 150 51 254 200 51 -1 150 51 0 10 280 45
焚香女王 0 350 0 4 50 18 0 98 49 243 115 28 253 165 28 -1 150 51 254 200 51 -1 150 51 0 10 280 45
封印金刚 0 350 0 4 50 18 0 98 49 243 115 28 253 165 28 -1 150 51 254 200 51 -1 150 51 0 10 280 45
封印血魔 0 350 0 4 50 18 0 98 49 243 115 28 253 165 28 -1 150 51 254 200 51 -1 150 51 0 10 280 45
惊蝗恶魔 0 350 0 4 50 18 0 98 49 243 115 28 253 165 28 -1 150 51 254 200 51 -1 150 51 0 10 280 45
四方左将 0 350 0 4 50 18 0 98 49 243 115 28 253 165 28 -1 150 51 254 200 51 -1 150 51 0 10 280 45
四方右将 0 350 0 4 50 18 0 98 49 243 115 28 253 165 28 -1 150 51 254 200 51 -1 150 51 0 10 280 45
四方守护神 0 350 0 4 50 18 0 98 49 243 115 28 253 165 28 -1 150 51 254 200 51 -1 150 51 0 10 280 45
山河树王 0 350 0 4 50 18 0 98 49 243 115 28 253 165 28 -1 150 51 254 200 51 -1 150 51 0 10 280 45
地底猪王 0 350 0 4 50 18 0 98 49 243 115 28 253 165 28 -1 150 51 254 200 51 -1 150 51 0 10 280 45
地底兽王 0 350 0 4 50 18 0 98 49 243 115 28 253 165 28 -1 150 51 254 200 51 -1 150 51 0 10 280 45
瀑底统帅 0 350 0 4 50 18 0 98 49 243 115 28 253 165 28 -1 150 51 254 200 51 -1 150 51 0 10 280 45
双翅蛮牛 0 350 0 4 50 18 0 98 49 243 115 28 253 165 28 -1 150 51 254 200 51 -1 150 51 0 10 280 45
力士牛王 0 350 0 4 50 18 0 98 49 243 115 28 253 165 28 -1 150 51 254 200 51 -1 150 51 0 10 280 45
神殿牛魔王 0 350 0 4 50 18 0 98 49 243 115 28 253 165 28 -1 150 51 254 200 51 -1 150 51 0 10 280 45
天之骷髅王 0 350 0 4 50 18 0 98 49 243 115 28 253 165 28 -1 150 51 254 200 51 -1 150 51 0 10 280 45
天之骷髅魔 0 350 0 4 50 18 0 98 49 243 115 28 253 165 28 -1 150 51 254 200 51 -1 150 51 0 10 280 45
天之骷髅皇 0 350 0 4 50 18 0 98 49 243 115 28 253 165 28 -1 150 51 254 200 51 -1 150 51 0 10 280 45
冰川神王 0 350 0 4 50 18 0 98 49 243 115 28 253 165 28 -1 150 51 254 200 51 -1 150 51 0 10 280 45
神岛神象 0 350 0 4 50 18 0 98 49 243 115 28 253 165 28 -1 150 51 254 200 51 -1 150 51 0 10 280 45
猛虎之王 0 350 0 4 50 18 0 98 49 243 115 28 253 165 28 -1 150 51 254 200 51 -1 150 51 0 10 280 45
天庭左护法 0 350 0 4 50 18 0 98 49 243 115 28 253 165 28 -1 150 51 254 200 51 -1 150 51 0 10 280 45
天庭右护法 0 350 0 4 50 18 0 98 49 243 115 28 253 165 28 -1 150 51 254 200 51 -1 150 51 0 10 280 45
天庭魔尊 0 350 0 4 50 18 0 98 49 243 115 28 253 165 28 -1 150 51 254 200 51 -1 150 51 0 10 280 45
长生教主 0 350 0 4 50 18 0 98 49 243 115 28 253 165 28 -1 150 51 254 200 51 -1 150 51 0 10 280 45
长生火神 0 350 0 4 50 18 0 98 49 243 115 28 253 165 28 -1 150 51 254 200 51 -1 150 51 0 10 280 45
长生天基邪神 0 350 0 4 50 18 0 98 49 243 115 28 253 165 28 -1 150 51 254 200 51 -1 150 51 0 10 280 45
血骷髅 0 350 0 4 50 18 0 98 49 243 115 28 253 165 28 -1 150 51 254 200 51 -1 150 51 0 10 280 45
邪恶血魔王 0 350 0 4 50 18 0 98 49 243 115 28 253 165 28 -1 150 51 254 200 51 -1 150 51 0 10 280 45
魔王分身 0 350 0 4 50 18 0 98 49 243 115 28 253 165 28 -1 150 51 254 200 51 -1 150 51 0 10 280 45
寒冰魔王 0 350 0 4 50 18 0 98 49 243 115 28 253 165 28 -1 150 51 254 200 51 -1 150 51 0 10 280 45
百年姣王 0 350 0 4 50 18 0 98 49 243 115 28 253 165 28 -1 150 51 254 200 51 -1 150 51 0 10 280 45
千年龙王 0 350 0 4 50 18 0 98 49 243 115 28 253 165 28 -1 150 51 254 200 51 -1 150 51 0 10 280 45
大道尊龙 0 350 0 4 50 18 0 98 49 243 115 28 253 165 28 -1 150 51 254 200 51 -1 150 51 0 10 280 45
百年姣王 0 350 0 4 50 18 0 98 49 243 115 28 253 165 28 -1 150 51 254 200 51 -1 150 51 0 10 280 45
千年龙王 0 350 0 4 50 18 0 98 49 243 115 28 253 165 28 -1 150 51 254 200 51 -1 150 51 0 10 280 45
大道尊龙 0 350 0 4 50 18 0 98 49 243 115 28 253 165 28 -1 150 51 254 200 51 -1 150 51 0 10 280 45
无尽海妖 0 350 0 4 50 18 0 98 49 243 115 28 253 165 28 -1 150 51 254 200 51 -1 150 51 0 10 280 45
虚幻红蛇 0 350 0 4 50 18 0 98 49 243 115 28 253 165 28 -1 150 51 254 200 51 -1 150 51 0 10 280 45
冥幽毒虫 0 350 0 4 50 18 0 98 49 243 115 28 253 165 28 -1 150 51 254 200 51 -1 150 51 0 10 280 45
妖姬蜘皇 0 350 0 4 50 18 0 98 49 243 115 28 253 165 28 -1 150 51 254 200 51 -1 150 51 0 10 280 45
天道太极 0 350 0 4 50 18 0 98 49 243 115 28 253 165 28 -1 150 51 254 200 51 -1 150 51 0 10 280 45
禁锢女王 0 350 0 4 50 18 0 98 49 243 115 28 253 165 28 -1 150 51 254 200 51 -1 150 51 0 10 280 45
邪恶战帝 0 350 0 4 50 18 0 98 49 243 115 28 253 165 28 -1 150 51 254 200 51 -1 150 51 0 10 280 45
仙千女魔 0 350 0 4 50 18 0 98 49 243 115 28 253 165 28 -1 150 51 254 200 51 -1 150 51 0 10 280 45
混沌邪魔大帝 0 350 0 4 50 18 0 98 49 243 115 28 253 165 28 -1 150 51 254 200 51 -1 150 51 0 10 280 45
邪魔之王 0 350 0 4 50 18 0 98 49 243 115 28 253 165 28 -1 150 51 254 200 51 -1 150 51 0 10 280 45
月色青龙 0 350 0 4 50 18 0 98 49 243 115 28 253 165 28 -1 150 51 254 200 51 -1 150 51 0 10 280 45
月色朱雀 0 350 0 4 50 18 0 98 49 243 115 28 253 165 28 -1 150 51 254 200 51 -1 150 51 0 10 280 45
月色玄武 0 350 0 4 50 18 0 98 49 243 115 28 253 165 28 -1 150 51 254 200 51 -1 150 51 0 10 280 45
月色金蟾 0 350 0 4 50 18 0 98 49 243 115 28 253 165 28 -1 150 51 254 200 51 -1 150 51 0 10 280 45
邪魔之王[神圣] 0 350 0 4 50 18 0 98 49 243 115 28 253 165 28 -1 150 51 254 200 51 -1 150 51 0 10 280 45
幻境树妖 0 350 0 4 50 18 0 98 49 243 115 28 253 165 28 -1 150 51 254 200 51 -1 150 51 0 10 280 45
幻境山神 0 350 0 4 50 18 0 98 49 243 115 28 253 165 28 -1 150 51 254 200 51 -1 150 51 0 10 280 45
暴乱鬼王 0 350 0 4 50 18 0 98 49 243 115 28 253 165 28 -1 150 51 254 200 51 -1 150 51 0 10 280 45
水镜兽王 0 350 0 4 50 18 0 98 49 243 115 28 253 165 28 -1 150 51 254 200 51 -1 150 51 0 10 280 45
赤月巨人 0 350 0 4 50 18 0 98 49 243 115 28 253 165 28 -1 150 51 254 200 51 -1 150 51 0 10 280 45
佛窟鬼妖 0 350 0 4 50 18 0 98 49 243 115 28 253 165 28 -1 150 51 254 200 51 -1 150 51 0 10 280 45
阴阳树王 0 350 0 4 50 18 0 98 49 243 115 28 253 165 28 -1 150 51 254 200 51 -1 150 51 0 10 280 45
枫林元帅 0 350 0 4 50 18 0 98 49 243 115 28 253 165 28 -1 150 51 254 200 51 -1 150 51 0 10 280 45
万年蚁王 0 350 0 4 50 18 0 98 49 243 115 28 253 165 28 -1 150 51 254 200 51 -1 150 51 0 10 280 45
萍水恶灵 0 350 0 4 50 18 0 98 49 243 115 28 253 165 28 -1 150 51 254 200 51 -1 150 51 0 10 280 45
萍水鹰王 0 350 0 4 50 18 0 98 49 243 115 28 253 165 28 -1 150 51 254 200 51 -1 150 51 0 10 280 45
萍水魔王 0 350 0 4 50 18 0 98 49 243 115 28 253 165 28 -1 150 51 254 200 51 -1 150 51 0 10 280 45
萍水狂暴王 0 350 0 4 50 18 0 98 49 243 115 28 253 165 28 -1 150 51 254 200 51 -1 150 51 0 10 280 45
萍水统治者 0 350 0 4 50 18 0 98 49 243 115 28 253 165 28 -1 150 51 254 200 51 -1 150 51 0 10 280 45
萍水石王 0 350 0 4 50 18 0 98 49 243 115 28 253 165 28 -1 150 51 254 200 51 -1 150 51 0 10 280 45
萍水神魔 0 350 0 4 50 18 0 98 49 243 115 28 253 165 28 -1 150 51 254 200 51 -1 150 51 0 10 280 45
萍水混沌王 0 350 0 4 50 18 0 98 49 243 115 28 253 165 28 -1 150 51 254 200 51 -1 150 51 0 10 280 45
萍水地狱魔 0 350 0 4 50 18 0 98 49 243 115 28 253 165 28 -1 150 51 254 200 51 -1 150 51 0 10 280 45
[仙级]百年姣王 0 350 0 4 50 18 0 98 49 243 115 28 253 165 28 -1 150 51 254 200 51 -1 150 51 0 10 280 45
[仙级]千年龙王 0 350 0 4 50 18 0 98 49 243 115 28 253 165 28 -1 150 51 254 200 51 -1 150 51 0 10 280 45
[仙级]大道尊龙 0 350 0 4 50 18 0 98 49 243 115 28 253 165 28 -1 150 51 254 200 51 -1 150 51 0 10 280 45
[仙级]魔王分身 0 350 0 4 50 18 0 98 49 243 115 28 253 165 28 -1 150 51 254 200 51 -1 150 51 0 10 280 45
[仙级]寒冰魔王 0 350 0 4 50 18 0 98 49 243 115 28 253 165 28 -1 150 51 254 200 51 -1 150 51 0 10 280 45
[仙级]邪恶血魔王 0 350 0 4 50 18 0 98 49 243 115 28 253 165 28 -1 150 51 254 200 51 -1 150 51 0 10 280 45
[仙级]长生教主 0 350 0 4 50 18 0 98 49 243 115 28 253 165 28 -1 150 51 254 200 51 -1 150 51 0 10 280 45
[仙级]长生火神 0 350 0 4 50 18 0 98 49 243 115 28 253 165 28 -1 150 51 254 200 51 -1 150 51 0 10 280 45
[仙级]长生天基邪神 0 350 0 4 50 18 0 98 49 243 115 28 253 165 28 -1 150 51 254 200 51 -1 150 51 0 10 280 45
[仙级]天庭左护法 0 350 0 4 50 18 0 98 49 243 115 28 253 165 28 -1 150 51 254 200 51 -1 150 51 0 10 280 45
[仙级]天庭右护法 0 350 0 4 50 18 0 98 49 243 115 28 253 165 28 -1 150 51 254 200 51 -1 150 51 0 10 280 45
[仙级]天庭魔尊 0 350 0 4 50 18 0 98 49 243 115 28 253 165 28 -1 150 51 254 200 51 -1 150 51 0 10 280 45
[超圣]百年姣王 0 350 0 4 50 18 0 98 49 243 115 28 253 165 28 -1 150 51 254 200 51 -1 150 51 0 10 280 45
[超圣]千年龙王 0 350 0 4 50 18 0 98 49 243 115 28 253 165 28 -1 150 51 254 200 51 -1 150 51 0 10 280 45
[超圣]大道尊龙 0 350 0 4 50 18 0 98 49 243 115 28 253 165 28 -1 150 51 254 200 51 -1 150 51 0 10 280 45
[超圣]魔王分身 0 350 0 4 50 18 0 98 49 243 115 28 253 165 28 -1 150 51 254 200 51 -1 150 51 0 10 280 45
[超圣]寒冰魔王 0 350 0 4 50 18 0 98 49 243 115 28 253 165 28 -1 150 51 254 200 51 -1 150 51 0 10 280 45
[超圣]邪恶血魔王 0 350 0 4 50 18 0 98 49 243 115 28 253 165 28 -1 150 51 254 200 51 -1 150 51 0 10 280 45
[超圣]长生教主 0 350 0 4 50 18 0 98 49 243 115 28 253 165 28 -1 150 51 254 200 51 -1 150 51 0 10 280 45
[超圣]长生火神 0 350 0 4 50 18 0 98 49 243 115 28 253 165 28 -1 150 51 254 200 51 -1 150 51 0 10 280 45
[超圣]长生天基邪神 0 350 0 4 50 18 0 98 49 243 115 28 253 165 28 -1 150 51 254 200 51 -1 150 51 0 10 280 45
[超圣]天庭左护法 0 350 0 4 50 18 0 98 49 243 115 28 253 165 28 -1 150 51 254 200 51 -1 150 51 0 10 280 45
[超圣]天庭右护法 0 350 0 4 50 18 0 98 49 243 115 28 253 165 28 -1 150 51 254 200 51 -1 150 51 0 10 280 45
[超圣]天庭魔尊 0 350 0 4 50 18 0 98 49 243 115 28 253 165 28 -1 150 51 254 200 51 -1 150 51 0 10 280 45