武兽 20 0 0 0 0 0 0 0 0 0 0 0 0 0 0 0 0 0 0 0 0 0
武兽勇士 20 0 0 0 0 0 0 0 0 0 0 0 0 0 0 0 0 0 0 0 0 0
武兽将军 30 0 0 0 0 0 0 0 0 0 0 0 0 0 0 0 0 0 0 0 0 0
武兽统领 30 0 0 0 0 0 0 0 0 0 0 0 0 0 0 0 0 0 0 0 0 0
圣兽 20 0 0 0 0 0 0 0 0 0 0 0 0 0 0 0 0 0 0 0 0 0
圣兽勇士 20 0 0 0 0 0 0 0 0 0 0 0 0 0 0 0 0 0 0 0 0 0
圣兽将军 20 0 0 0 0 0 0 0 0 0 0 0 0 0 0 0 0 0 0 0 0 0
圣兽统领 30 0 0 0 0 0 0 0 0 0 0 0 0 0 0 0 0 0 0 0 0 0
圣兽魔王 30 0 0 0 0 0 0 0 0 0 0 0 0 0 0 0 0 0 0 0 0 0
红发鬼 20 0 0 0 0 0 0 0 0 0 0 0 0 0 0 0 0 0 0 0 0 0
蓝发鬼 20 0 0 0 0 0 0 0 0 0 0 0 0 0 0 0 0 0 0 0 0 0
小钻风 30 0 0 0 0 0 0 0 0 0 0 0 0 0 0 0 0 0 0 0 0 0
大钻风 30 0 0 0 0 0 0 0 0 0 0 0 0 0 0 0 0 0 0 0 0 0

骷髅王[噩梦] 70 50 0 30 10 0-0-0 1 0 0 0 0 0-0-0 0 0-0-0 0 0 0
钢甲猛兽[噩梦] 70 50 0 30 10 0-0-0 1 0 0 0 0 0-0-0 0 0-0-0 0 0 0
黄泉骷髅王[噩梦] 70 50 0 30 10 0-0-0 1 0 0 0 0 0-0-0 0 0-0-0 0 0 0
蛮牛将军[噩梦] 70 50 0 30 10 0-0-0 1 0 0 0 0 0-0-0 0 0-0-0 0 0 0
焚香大祭司[噩梦] 70 50 0 30 10 0-0-0 1 0 0 0 0 0-0-0 0 0-0-0 0 0 0
焚香女王[噩梦] 70 50 0 30 10 0-0-0 1 0 0 0 0 0-0-0 0 0-0-0 0 0 0
封印金刚[噩梦] 70 50 0 30 10 0-0-0 1 0 0 0 0 0-0-0 0 0-0-0 0 0 0
封印血魔[噩梦] 70 50 0 30 10 0-0-0 1 0 0 0 0 0-0-0 0 0-0-0 0 0 0
惊蝗恶魔[噩梦] 70 50 0 30 10 0-0-0 1 0 0 0 0 0-0-0 0 0-0-0 0 0 0
四方左将[噩梦] 70 50 0 30 10 0-0-0 1 0 0 0 0 0-0-0 0 0-0-0 0 0 0
四方右将[噩梦] 70 50 0 30 10 0-0-0 1 0 0 0 0 0-0-0 0 0-0-0 0 0 0
四方守护神[噩梦] 70 50 0 30 10 0-0-0 1 0 0 0 0 0-0-0 0 0-0-0 0 0 0
山河树王[噩梦] 70 50 0 30 10 0-0-0 1 0 0 0 0 0-0-0 0 0-0-0 0 0 0
地底猪王[噩梦] 70 50 0 30 10 0-0-0 1 0 0 0 0 0-0-0 0 0-0-0 0 0 0
地底兽王[噩梦] 70 50 0 30 10 0-0-0 1 0 0 0 0 0-0-0 0 0-0-0 0 0 0
瀑底统帅[噩梦] 70 50 0 30 10 0-0-0 1 0 0 0 0 0-0-0 0 0-0-0 0 0 0
双翅蛮牛[噩梦] 70 50 0 30 10 0-0-0 1 0 0 0 0 0-0-0 0 0-0-0 0 0 0
力士牛王[噩梦] 70 50 0 30 10 0-0-0 1 0 0 0 0 0-0-0 0 0-0-0 0 0 0
神殿牛魔王[噩梦] 70 50 0 30 10 0-0-0 1 0 0 0 0 0-0-0 0 0-0-0 0 0 0
天之骷髅王[噩梦] 70 50 0 30 10 0-0-0 1 0 0 0 0 0-0-0 0 0-0-0 0 0 0
天之骷髅魔[噩梦] 70 50 0 30 10 0-0-0 1 0 0 0 0 0-0-0 0 0-0-0 0 0 0
天之骷髅皇[噩梦] 70 50 0 30 10 0-0-0 1 0 0 0 0 0-0-0 0 0-0-0 0 0 0
冰川神王[噩梦] 70 50 0 30 10 0-0-0 1 0 0 0 0 0-0-0 0 0-0-0 0 0 0
神岛神象[噩梦] 70 50 0 30 10 0-0-0 1 0 0 0 0 0-0-0 0 0-0-0 0 0 0
天庭左护法[噩梦] 70 50 0 30 10 0-0-0 1 0 0 0 0 0-0-0 0 0-0-0 0 0 0
天庭右护法[噩梦] 70 50 0 30 10 0-0-0 1 0 0 0 0 0-0-0 0 0-0-0 0 0 0
天庭魔尊[噩梦] 70 50 0 30 10 0-0-0 1 0 0 0 0 0-0-0 0 0-0-0 0 0 0
长生教主[噩梦] 70 50 0 30 10 0-0-0 1 0 0 0 0 0-0-0 0 0-0-0 0 0 0
长生火神[噩梦] 70 50 0 30 10 0-0-0 1 0 0 0 0 0-0-0 0 0-0-0 0 0 0
长生天基邪神[噩梦] 70 50 0 30 10 0-0-0 1 0 0 0 0 0-0-0 0 0-0-0 0 0 0
血骷髅[噩梦] 70 50 0 30 10 0-0-0 1 0 0 0 0 0-0-0 0 0-0-0 0 0 0
邪恶血魔王[噩梦] 70 50 0 30 10 0-0-0 1 0 0 0 0 0-0-0 0 0-0-0 0 0 0
魔王分身[噩梦] 70 50 0 30 10 0-0-0 1 0 0 0 0 0-0-0 0 0-0-0 0 0 0
寒冰魔王[噩梦] 70 50 0 30 10 0-0-0 1 0 0 0 0 0-0-0 0 0-0-0 0 0 0
百年姣王[噩梦] 70 50 0 30 10 0-0-0 1 0 0 0 0 0-0-0 0 0-0-0 0 0 0
千年龙王[噩梦] 70 50 0 30 10 0-0-0 1 0 0 0 0 0-0-0 0 0-0-0 0 0 0
大道尊龙[噩梦] 70 50 0 30 10 0-0-0 1 0 0 0 0 0-0-0 0 0-0-0 0 0 0
上古骷髅[★] 80 50 0 30 10 0-0-0 1 0 0 0 0 0-0-0 0 0-0-0 0 0 0
失落骷髅[★] 80 50 0 30 10 0-0-0 1 0 0 0 0 0-0-0 0 0-0-0 0 0 0
时空兽人[★★] 80 50 0 30 10 0-0-0 1 0 0 0 0 0-0-0 0 0-0-0 0 0 0
复古白野猪[★★★] 80 50 0 30 10 0-0-0 1 0 0 0 0 0-0-0 0 0-0-0 0 0 0
复古金刚[★★★★] 80 50 0 30 10 0-0-0 1 0 0 0 0 0-0-0 0 0-0-0 0 0 0
复古教皇[★★★★★] 80 50 0 30 10 0-0-0 1 0 0 0 0 0-0-0 0 0-0-0 0 0 0
复古凶兽[★★★★★★] 80 50 0 30 10 0-0-0 1 0 0 0 0 0-0-0 0 0-0-0 0 0 0
复古牛魔王[★★★★★★★] 70 50 0 30 10 0-0-0 1 0 0 0 0 0-0-0 0 0-0-0 0 0 0
湘逢魔尊[★★★] 80 50 0 30 10 0-0-0 1 0 0 0 0 0-0-0 0 0-0-0 0 0 0
湘逢邪神[★★★] 80 50 0 30 10 0-0-0 1 0 0 0 0 0-0-0 0 0-0-0 0 0 0
湘逢霸王[★★★] 80 50 0 30 10 0-0-0 1 0 0 0 0 0-0-0 0 0-0-0 0 0 0
湘逢魔尊[★★★★] 80 50 0 30 10 0-0-0 1 0 0 0 0 0-0-0 0 0-0-0 0 0 0
湘逢邪神[★★★★] 80 50 0 30 10 0-0-0 1 0 0 0 0 0-0-0 0 0-0-0 0 0 0
湘逢霸王[★★★★] 80 50 0 30 10 0-0-0 1 0 0 0 0 0-0-0 0 0-0-0 0 0 0
湘逢魔尊[★★★★★] 80 50 0 30 10 0-0-0 1 0 0 0 0 0-0-0 0 0-0-0 0 0 0
湘逢邪神[★★★★★] 80 50 0 30 10 0-0-0 1 0 0 0 0 0-0-0 0 0-0-0 0 0 0
湘逢霸王[★★★★★] 80 50 0 30 10 0-0-0 1 0 0 0 0 0-0-0 0 0-0-0 0 0 0
湘逢魔尊[★★★★★★] 80 50 0 30 10 0-0-0 1 0 0 0 0 0-0-0 0 0-0-0 0 0 0
湘逢邪神[★★★★★★] 80 50 0 30 10 0-0-0 1 0 0 0 0 0-0-0 0 0-0-0 0 0 0
湘逢霸王[★★★★★★]  80 50 0 30 10 0-0-0 1 0 0 0 0 0-0-0 0 0-0-0 0 0 0 
湘逢魔尊[★★★★★★★] 80 50 0 30 10 0-0-0 1 0 0 0 0 0-0-0 0 0-0-0 0 0 0
湘逢邪神[★★★★★★★] 80 50 0 30 10 0-0-0 1 0 0 0 0 0-0-0 0 0-0-0 0 0 0
湘逢霸王[★★★★★★★] 80 50 0 30 10 0-0-0 1 0 0 0 0 0-0-0 0 0-0-0 0 0 0
湘逢魔尊[★★★★★★★★] 80 50 0 30 10 0-0-0 1 0 0 0 0 0-0-0 0 0-0-0 0 0 0
湘逢邪神[★★★★★★★★] 80 50 0 30 10 0-0-0 1 0 0 0 0 0-0-0 0 0-0-0 0 0 0
湘逢霸王[★★★★★★★★] 80 50 0 30 10 0-0-0 1 0 0 0 0 0-0-0 0 0-0-0 0 0 0